Top 20 Sort By Count
Count          Total           Mean         Stddev          Min        P50.0        P90.0        P95.0        P99.0          Max   2xx  3xx  4xx  5xx  Request
 2511    5698390.000    2269.370769    3502.360312      440.000      795.000     6854.000     9928.000    16188.000    38994.000  2511    0    0    0  GET /js/jquery.min.js HTTP/1.1
 2511    5682970.000    2263.229789    3659.221628      328.000      604.000     7317.000    10372.000    15443.000    45353.000  2511    0    0    0  GET /css/bootstrap-responsive.min.css HTTP/1.1
 2511    5404034.000    2152.144166    3717.321403      349.000      613.000     6794.000     9872.000    17757.000    37837.000  2511    0    0    0  GET /js/bootstrap.min.js HTTP/1.1
 2511    6073966.000    2418.943051    3521.954761      465.000      824.000     7550.000    10001.000    16265.000    32512.000  2511    0    0    0  GET /css/bootstrap.min.css HTTP/1.1
 2090  248987629.000  119132.836842   63339.250914      732.000   115777.000   173978.000   191142.000   248258.000  1040848.000  1950    0  140    0  GET /memo/*
  790  111341628.000  140938.769620   41275.937686    62671.000   135858.000   194731.000   216063.000   273029.000   313641.000   790    0    0    0  GET / HTTP/1.1
  310   21019694.000   67805.464516   25302.892023    22699.000    64674.000   103791.000   112818.000   132524.000   181177.000   310    0    0    0  GET /mypage HTTP/1.1
  310     331723.000    1070.074194    1625.969076      426.000      669.000     1280.000     3025.000    10372.000    14554.000   310    0    0    0  GET /signin HTTP/1.1
   69   17995097.000  260798.507246   74038.428030   145392.000   250873.000   382025.000   401888.000   495860.000   495860.000    69    0    0    0  GET /recent/204 HTTP/1.1
   35    8523594.000  243531.257143   53347.107975   162696.000   237711.000   304894.000   313480.000   390056.000   390056.000    35    0    0    0  GET /recent/205 HTTP/1.1
    8    1100915.000  137614.375000   21880.432896    99939.000   140859.000   177346.000   177346.000   177346.000   177346.000     8    0    0    0  GET /recent/98 HTTP/1.1
    7    1243397.000  177628.142857   57533.751139    90277.000   168055.000   280259.000   280259.000   280259.000   280259.000     7    0    0    0  GET /recent/88 HTTP/1.1
    7    1157058.000  165294.000000   58946.488115    87510.000   143852.000   245473.000   245473.000   245473.000   245473.000     7    0    0    0  GET /recent/93 HTTP/1.1
    7    1670845.000  238692.142857   66506.155785   151317.000   240622.000   337507.000   337507.000   337507.000   337507.000     7    0    0    0  GET /recent/199 HTTP/1.1
    7    1900448.000  271492.571429  139216.192350   159299.000   232392.000   601812.000   601812.000   601812.000   601812.000     7    0    0    0  GET /recent/197 HTTP/1.1
    7    1351645.000  193092.142857   45238.880327   143253.000   181635.000   294299.000   294299.000   294299.000   294299.000     7    0    0    0  GET /recent/94 HTTP/1.1
    7    1425139.000  203591.285714   77869.361095   104062.000   222536.000   317132.000   317132.000   317132.000   317132.000     7    0    0    0  GET /recent/189 HTTP/1.1
    7    1177836.000  168262.285714   61312.164581    76653.000   158947.000   243625.000   243625.000   243625.000   243625.000     7    0    0    0  GET /recent/92 HTTP/1.1
    6    1009496.000  168249.333333   64280.043183   104461.000   148342.000   277969.000   277969.000   277969.000   277969.000     6    0    0    0  GET /recent/116 HTTP/1.1
    6     813367.000  135561.166667   42456.594664    92779.000   134033.000   206814.000   206814.000   206814.000   206814.000     6    0    0    0  GET /recent/69 HTTP/1.1

Top 20 Sort By Total
Count          Total           Mean         Stddev          Min        P50.0        P90.0        P95.0        P99.0          Max   2xx  3xx  4xx  5xx  Request
 2090  248987629.000  119132.836842   63339.250914      732.000   115777.000   173978.000   191142.000   248258.000  1040848.000  1950    0  140    0  GET /memo/*
  790  111341628.000  140938.769620   41275.937686    62671.000   135858.000   194731.000   216063.000   273029.000   313641.000   790    0    0    0  GET / HTTP/1.1
  310   21019694.000   67805.464516   25302.892023    22699.000    64674.000   103791.000   112818.000   132524.000   181177.000   310    0    0    0  GET /mypage HTTP/1.1
   69   17995097.000  260798.507246   74038.428030   145392.000   250873.000   382025.000   401888.000   495860.000   495860.000    69    0    0    0  GET /recent/204 HTTP/1.1
   35    8523594.000  243531.257143   53347.107975   162696.000   237711.000   304894.000   313480.000   390056.000   390056.000    35    0    0    0  GET /recent/205 HTTP/1.1
 2511    6073966.000    2418.943051    3521.954761      465.000      824.000     7550.000    10001.000    16265.000    32512.000  2511    0    0    0  GET /css/bootstrap.min.css HTTP/1.1
 2511    5698390.000    2269.370769    3502.360312      440.000      795.000     6854.000     9928.000    16188.000    38994.000  2511    0    0    0  GET /js/jquery.min.js HTTP/1.1
 2511    5682970.000    2263.229789    3659.221628      328.000      604.000     7317.000    10372.000    15443.000    45353.000  2511    0    0    0  GET /css/bootstrap-responsive.min.css HTTP/1.1
 2511    5404034.000    2152.144166    3717.321403      349.000      613.000     6794.000     9872.000    17757.000    37837.000  2511    0    0    0  GET /js/bootstrap.min.js HTTP/1.1
    7    1900448.000  271492.571429  139216.192350   159299.000   232392.000   601812.000   601812.000   601812.000   601812.000     7    0    0    0  GET /recent/197 HTTP/1.1
    7    1670845.000  238692.142857   66506.155785   151317.000   240622.000   337507.000   337507.000   337507.000   337507.000     7    0    0    0  GET /recent/199 HTTP/1.1
    7    1425139.000  203591.285714   77869.361095   104062.000   222536.000   317132.000   317132.000   317132.000   317132.000     7    0    0    0  GET /recent/189 HTTP/1.1
    7    1351645.000  193092.142857   45238.880327   143253.000   181635.000   294299.000   294299.000   294299.000   294299.000     7    0    0    0  GET /recent/94 HTTP/1.1
    6    1313035.000  218839.166667   82068.914719   110122.000   234702.000   328422.000   328422.000   328422.000   328422.000     6    0    0    0  GET /recent/147 HTTP/1.1
    5    1276192.000  255238.400000   23119.547060   234743.000   241294.000   296083.000   296083.000   296083.000   296083.000     5    0    0    0  GET /recent/198 HTTP/1.1
    5    1255105.000  251021.000000  115051.181445   164114.000   201522.000   478388.000   478388.000   478388.000   478388.000     5    0    0    0  GET /recent/184 HTTP/1.1
    7    1243397.000  177628.142857   57533.751139    90277.000   168055.000   280259.000   280259.000   280259.000   280259.000     7    0    0    0  GET /recent/88 HTTP/1.1
    6    1243140.000  207190.000000   39937.097737   150326.000   240406.000   255566.000   255566.000   255566.000   255566.000     6    0    0    0  GET /recent/162 HTTP/1.1
    5    1210286.000  242057.200000   33708.599872   197874.000   240107.000   288446.000   288446.000   288446.000   288446.000     5    0    0    0  GET /recent/190 HTTP/1.1
    6    1201914.000  200319.000000   62143.384740   129267.000   211659.000   310119.000   310119.000   310119.000   310119.000     6    0    0    0  GET /recent/182 HTTP/1.1

Top 20 Sort By Mean
Count         Total           Mean         Stddev         Min       P50.0       P90.0       P95.0       P99.0         Max  2xx  3xx  4xx  5xx  Request
    2    649027.000  324513.500000   99412.500000  225101.000  423926.000  423926.000  423926.000  423926.000  423926.000    2    0    0    0  GET /recent/203 HTTP/1.1
    4   1197817.000  299454.250000   87100.446777  182886.000  368159.000  397183.000  397183.000  397183.000  397183.000    4    0    0    0  GET /recent/185 HTTP/1.1
    2    571295.000  285647.500000   83926.500000  201721.000  369574.000  369574.000  369574.000  369574.000  369574.000    2    0    0    0  GET /recent/165 HTTP/1.1
    4   1129465.000  282366.250000   47933.047354  207382.000  323195.000  325109.000  325109.000  325109.000  325109.000    4    0    0    0  GET /recent/167 HTTP/1.1
    2    555637.000  277818.500000   61023.500000  216795.000  338842.000  338842.000  338842.000  338842.000  338842.000    2    0    0    0  GET /recent/181 HTTP/1.1
    7   1900448.000  271492.571429  139216.192350  159299.000  232392.000  601812.000  601812.000  601812.000  601812.000    7    0    0    0  GET /recent/197 HTTP/1.1
    1    271233.000  271233.000000       0.000000  271233.000  271233.000  271233.000  271233.000  271233.000  271233.000    1    0    0    0  GET /recent/191 HTTP/1.1
   69  17995097.000  260798.507246   74038.428030  145392.000  250873.000  382025.000  401888.000  495860.000  495860.000   69    0    0    0  GET /recent/204 HTTP/1.1
    2    514609.000  257304.500000   10372.500000  246932.000  267677.000  267677.000  267677.000  267677.000  267677.000    2    0    0    0  GET /recent/173 HTTP/1.1
    5   1276192.000  255238.400000   23119.547060  234743.000  241294.000  296083.000  296083.000  296083.000  296083.000    5    0    0    0  GET /recent/198 HTTP/1.1
    5   1255105.000  251021.000000  115051.181445  164114.000  201522.000  478388.000  478388.000  478388.000  478388.000    5    0    0    0  GET /recent/184 HTTP/1.1
    4    997397.000  249349.250000   57918.915055  187389.000  237436.000  344203.000  344203.000  344203.000  344203.000    4    0    0    0  GET /recent/153 HTTP/1.1
    3    739964.000  246654.666667  121828.082642  100399.000  240915.000  398650.000  398650.000  398650.000  398650.000    3    0    0    0  GET /recent/141 HTTP/1.1
    3    737749.000  245916.333333   82745.755276  138934.000  258342.000  340473.000  340473.000  340473.000  340473.000    3    0    0    0  GET /recent/1 HTTP/1.1
    4    974504.000  243626.000000   82302.492052  193886.000  198772.000  386146.000  386146.000  386146.000  386146.000    4    0    0    0  GET /recent/176 HTTP/1.1
   35   8523594.000  243531.257143   53347.107975  162696.000  237711.000  304894.000  313480.000  390056.000  390056.000   35    0    0    0  GET /recent/205 HTTP/1.1
    5   1210286.000  242057.200000   33708.599872  197874.000  240107.000  288446.000  288446.000  288446.000  288446.000    5    0    0    0  GET /recent/190 HTTP/1.1
    2    483454.000  241727.000000   15352.000000  226375.000  257079.000  257079.000  257079.000  257079.000  257079.000    2    0    0    0  GET /recent/179 HTTP/1.1
    2    481338.000  240669.000000   29633.000000  211036.000  270302.000  270302.000  270302.000  270302.000  270302.000    2    0    0    0  GET /recent/105 HTTP/1.1
    4    960004.000  240001.000000   68870.153721  150781.000  272239.000  333104.000  333104.000  333104.000  333104.000    4    0    0    0  GET /recent/164 HTTP/1.1

Top 20 Sort By Standard Deviation
Count         Total           Mean         Stddev         Min       P50.0       P90.0       P95.0       P99.0         Max  2xx  3xx  4xx  5xx  Request
    7   1900448.000  271492.571429  139216.192350  159299.000  232392.000  601812.000  601812.000  601812.000  601812.000    7    0    0    0  GET /recent/197 HTTP/1.1
    3    739964.000  246654.666667  121828.082642  100399.000  240915.000  398650.000  398650.000  398650.000  398650.000    3    0    0    0  GET /recent/141 HTTP/1.1
    5   1255105.000  251021.000000  115051.181445  164114.000  201522.000  478388.000  478388.000  478388.000  478388.000    5    0    0    0  GET /recent/184 HTTP/1.1
    2    649027.000  324513.500000   99412.500000  225101.000  423926.000  423926.000  423926.000  423926.000  423926.000    2    0    0    0  GET /recent/203 HTTP/1.1
    2    440007.000  220003.500000   90893.500000  129110.000  310897.000  310897.000  310897.000  310897.000  310897.000    2    0    0    0  GET /recent/168 HTTP/1.1
    2    425476.000  212738.000000   89790.000000  122948.000  302528.000  302528.000  302528.000  302528.000  302528.000    2    0    0    0  GET /recent/170 HTTP/1.1
    3    495878.000  165292.666667   87217.894511   85116.000  124207.000  286555.000  286555.000  286555.000  286555.000    3    0    0    0  GET /recent/113 HTTP/1.1
    4   1197817.000  299454.250000   87100.446777  182886.000  368159.000  397183.000  397183.000  397183.000  397183.000    4    0    0    0  GET /recent/185 HTTP/1.1
    3    574550.000  191516.666667   87012.531750  123145.000  137098.000  314307.000  314307.000  314307.000  314307.000    3    0    0    0  GET /recent/114 HTTP/1.1
    5    737198.000  147439.600000   85511.525262   70333.000  105421.000  307309.000  307309.000  307309.000  307309.000    5    0    0    0  GET /recent/77 HTTP/1.1
    2    571295.000  285647.500000   83926.500000  201721.000  369574.000  369574.000  369574.000  369574.000  369574.000    2    0    0    0  GET /recent/165 HTTP/1.1
    3    598976.000  199658.666667   83901.447526  129394.000  151988.000  317594.000  317594.000  317594.000  317594.000    3    0    0    0  GET /recent/158 HTTP/1.1
    3    737749.000  245916.333333   82745.755276  138934.000  258342.000  340473.000  340473.000  340473.000  340473.000    3    0    0    0  GET /recent/1 HTTP/1.1
    4    974504.000  243626.000000   82302.492052  193886.000  198772.000  386146.000  386146.000  386146.000  386146.000    4    0    0    0  GET /recent/176 HTTP/1.1
    6   1313035.000  218839.166667   82068.914719  110122.000  234702.000  328422.000  328422.000  328422.000  328422.000    6    0    0    0  GET /recent/147 HTTP/1.1
    4    778724.000  194681.000000   81431.638627  130570.000  167658.000  333873.000  333873.000  333873.000  333873.000    4    0    0    0  GET /recent/152 HTTP/1.1
    7   1425139.000  203591.285714   77869.361095  104062.000  222536.000  317132.000  317132.000  317132.000  317132.000    7    0    0    0  GET /recent/189 HTTP/1.1
    3    641070.000  213690.000000   77374.838964  105033.000  256814.000  279223.000  279223.000  279223.000  279223.000    3    0    0    0  GET /recent/87 HTTP/1.1
    2    443750.000  221875.000000   75211.000000  146664.000  297086.000  297086.000  297086.000  297086.000  297086.000    2    0    0    0  GET /recent/101 HTTP/1.1
   69  17995097.000  260798.507246   74038.428030  145392.000  250873.000  382025.000  401888.000  495860.000  495860.000   69    0    0    0  GET /recent/204 HTTP/1.1

Top 20 Sort By Maximum(100 Percentile)
Count          Total           Mean         Stddev          Min        P50.0        P90.0        P95.0        P99.0          Max   2xx  3xx  4xx  5xx  Request
 2090  248987629.000  119132.836842   63339.250914      732.000   115777.000   173978.000   191142.000   248258.000  1040848.000  1950    0  140    0  GET /memo/*
    7    1900448.000  271492.571429  139216.192350   159299.000   232392.000   601812.000   601812.000   601812.000   601812.000     7    0    0    0  GET /recent/197 HTTP/1.1
   69   17995097.000  260798.507246   74038.428030   145392.000   250873.000   382025.000   401888.000   495860.000   495860.000    69    0    0    0  GET /recent/204 HTTP/1.1
    5    1255105.000  251021.000000  115051.181445   164114.000   201522.000   478388.000   478388.000   478388.000   478388.000     5    0    0    0  GET /recent/184 HTTP/1.1
    2     649027.000  324513.500000   99412.500000   225101.000   423926.000   423926.000   423926.000   423926.000   423926.000     2    0    0    0  GET /recent/203 HTTP/1.1
    3     739964.000  246654.666667  121828.082642   100399.000   240915.000   398650.000   398650.000   398650.000   398650.000     3    0    0    0  GET /recent/141 HTTP/1.1
    4    1197817.000  299454.250000   87100.446777   182886.000   368159.000   397183.000   397183.000   397183.000   397183.000     4    0    0    0  GET /recent/185 HTTP/1.1
   35    8523594.000  243531.257143   53347.107975   162696.000   237711.000   304894.000   313480.000   390056.000   390056.000    35    0    0    0  GET /recent/205 HTTP/1.1
    4     974504.000  243626.000000   82302.492052   193886.000   198772.000   386146.000   386146.000   386146.000   386146.000     4    0    0    0  GET /recent/176 HTTP/1.1
    2     571295.000  285647.500000   83926.500000   201721.000   369574.000   369574.000   369574.000   369574.000   369574.000     2    0    0    0  GET /recent/165 HTTP/1.1
    4     997397.000  249349.250000   57918.915055   187389.000   237436.000   344203.000   344203.000   344203.000   344203.000     4    0    0    0  GET /recent/153 HTTP/1.1
    3     737749.000  245916.333333   82745.755276   138934.000   258342.000   340473.000   340473.000   340473.000   340473.000     3    0    0    0  GET /recent/1 HTTP/1.1
    2     555637.000  277818.500000   61023.500000   216795.000   338842.000   338842.000   338842.000   338842.000   338842.000     2    0    0    0  GET /recent/181 HTTP/1.1
    7    1670845.000  238692.142857   66506.155785   151317.000   240622.000   337507.000   337507.000   337507.000   337507.000     7    0    0    0  GET /recent/199 HTTP/1.1
    4     778724.000  194681.000000   81431.638627   130570.000   167658.000   333873.000   333873.000   333873.000   333873.000     4    0    0    0  GET /recent/152 HTTP/1.1
    4     960004.000  240001.000000   68870.153721   150781.000   272239.000   333104.000   333104.000   333104.000   333104.000     4    0    0    0  GET /recent/164 HTTP/1.1
    6    1313035.000  218839.166667   82068.914719   110122.000   234702.000   328422.000   328422.000   328422.000   328422.000     6    0    0    0  GET /recent/147 HTTP/1.1
    3     694621.000  231540.333333   70764.396096   160249.000   206362.000   328010.000   328010.000   328010.000   328010.000     3    0    0    0  GET /recent/129 HTTP/1.1
    4    1129465.000  282366.250000   47933.047354   207382.000   323195.000   325109.000   325109.000   325109.000   325109.000     4    0    0    0  GET /recent/167 HTTP/1.1
    4     817403.000  204350.750000   72941.165820   119444.000   191849.000   320775.000   320775.000   320775.000   320775.000     4    0    0    0  GET /recent/188 HTTP/1.1

TOP 37 Slow Requests
 1  1040848.000  GET /memo/*
 2  1027161.000  GET /memo/*
 3   999332.000  GET /memo/*
 4   753697.000  GET /memo/*
 5   752820.000  GET /memo/*
 6   730860.000  GET /memo/*
 7   601812.000  GET /recent/197 HTTP/1.1
 8   495860.000  GET /recent/204 HTTP/1.1
 9   478388.000  GET /recent/184 HTTP/1.1
10   450876.000  GET /recent/204 HTTP/1.1
11   423926.000  GET /recent/203 HTTP/1.1
12   420710.000  GET /recent/204 HTTP/1.1
13   401888.000  GET /recent/204 HTTP/1.1
14   400010.000  GET /recent/204 HTTP/1.1
15   398650.000  GET /recent/141 HTTP/1.1
16   397183.000  GET /recent/185 HTTP/1.1
17   393400.000  GET /recent/204 HTTP/1.1
18   390388.000  GET /memo/*
19   390056.000  GET /recent/205 HTTP/1.1
20   386146.000  GET /recent/176 HTTP/1.1
21   382025.000  GET /recent/204 HTTP/1.1
22   378581.000  GET /memo/*
23   369574.000  GET /recent/165 HTTP/1.1
24   368159.000  GET /recent/185 HTTP/1.1
25   367767.000  GET /memo/*
26   355753.000  GET /recent/204 HTTP/1.1
27   348026.000  GET /recent/204 HTTP/1.1
28   344203.000  GET /recent/153 HTTP/1.1
29   341494.000  GET /recent/204 HTTP/1.1
30   340473.000  GET /recent/1 HTTP/1.1
31   340033.000  GET /memo/*
32   338842.000  GET /recent/181 HTTP/1.1
33   337507.000  GET /recent/199 HTTP/1.1
34   333873.000  GET /recent/152 HTTP/1.1
35   333171.000  GET /memo/*
36   333104.000  GET /recent/164 HTTP/1.1
37   328422.000  GET /recent/147 HTTP/1.1
